011110
110011
110011
111111
110011
110011
110011

111110
110011
110011
111110
110011
110011
111110

011110
110011
110000
110000
110000
110011
011110

111110
110011
110011
110011
110011
110011
111110

011111
110000
110000
111110
110000
110000
011111

111111
110000
110000
111110
110000
110000
110000

011110
110011
110000
110111
110011
110011
011110

110011
110011
110011
111111
110011
110011
110011

011110
001100
001100
001100
001100
001100
011110

000110
000110
000110
000110
000110
110110
011100

110011
110110
111100
111000
111100
110110
110011

110000
110000
110000
110000
110000
110000
111111

110011
111111
111111
110011
110011
110011
110011

110011
110011
111011
110111
110011
110011
110011

011110
110011
110011
110011
110011
110011
011110

111110
110011
110011
111110
110000
110000
110000

011110
110011
110011
110011
110111
011110
000011

111110
110011
110011
111110
111100
110110
110011

011110
110011
110000
011110
000011
110011
011110

111111
001100
001100
001100
001100
001100
001100

110011
110011
110011
110011
110011
110011
011110

110011
110011
110011
110011
110011
011110
001100

110011
110011
110011
110011
111111
111111
110011

110011
110011
011110
001100
011110
110011
110011

110011
110011
110011
011110
001100
001100
001100

111111
000011
000110
001100
011000
110000
111111